#time0row15[msb-lsb],time0row14[msb-lst],....,time0row0[msb-lst]#
#time1row15[msb-lsb],time1row14[msb-lst],....,time1row0[msb-lst]#
#................#
0 0 0 0 0 1 0 0 0 0 0 0 1 0 0 1 
0 0 0 0 0 1 0 0 0 0 0 0 1 0 0 1 
0 0 0 0 0 0 0 0 0 0 0 0 0 0 0 1 
0 0 0 0 0 0 0 0 0 0 0 0 0 0 0 0 
0 0 0 0 0 0 0 0 0 0 0 0 0 0 0 0 
0 0 0 0 0 0 0 0 0 0 0 0 0 0 0 0 
0 0 1 0 0 0 0 0 0 0 0 0 1 0 0 0 
0 0 1 0 0 1 0 0 0 0 0 1 1 1 0 1 
0 0 0 0 0 1 0 0 0 0 0 1 1 0 0 2 
0 0 0 0 0 0 0 0 0 0 0 0 1 0 0 1 
0 0 0 0 0 0 0 0 0 0 0 0 0 0 1 0 
0 0 0 0 0 0 0 0 0 0 0 0 0 0 1 0 
0 0 0 0 0 0 0 0 0 0 0 0 0 0 1 0 
0 0 0 0 0 0 0 0 0 0 0 0 0 0 1 0 
0 0 0 0 0 0 0 0 0 0 0 0 0 0 1 0 
0 0 0 0 0 0 1 0 1 0 0 0 0 0 1 2 
0 0 2 0 1 0 1 0 1 0 0 0 0 0 1 2 
0 0 2 1 0 0 0 0 0 0 0 0 0 0 1 0 
0 0 0 0 0 0 0 0 0 0 0 0 0 0 0 0 
0 0 0 0 0 0 0 0 0 0 0 0 1 1 0 0 
0 0 0 1 0 1 0 0 0 0 0 1 1 1 0 1 
1 0 0 0 0 1 0 1 0 1 0 1 1 1 0 0 
1 0 0 0 0 1 0 0 0 1 0 1 1 1 0 0 
0 0 0 0 0 0 0 0 1 1 0 1 1 0 0 1 
0 0 0 0 0 0 0 1 2 0 1 0 0 0 0 1 
0 0 0 0 0 0 1 1 0 0 1 0 0 0 1 0 
0 1 0 0 0 0 0 0 0 0 0 0 0 0 0 0 
0 0 0 0 0 0 0 0 0 0 0 0 0 0 0 0 
0 0 0 0 0 0 0 0 0 0 1 0 0 0 0 0 
1 0 0 0 0 0 0 1 0 1 1 0 1 0 0 0 
1 1 0 0 0 1 0 0 0 1 0 0 1 1 0 0 
1 0 0 0 0 1 0 0 0 1 0 1 1 1 0 0 
1 0 0 0 0 1 0 0 0 1 0 1 2 1 0 2 
1 0 0 0 0 1 0 0 1 1 0 1 1 1 0 2 
1 0 0 0 0 1 0 0 0 0 0 1 1 0 0 1 
0 0 0 0 0 1 0 0 0 0 0 0 1 0 0 1 
