0 37 74 114 151 188 228 265 302 
1 38 75 115 152 189 229 266 303 
2 39 76 116 153 190 230 267 304 
3 40 77 117 154 191 231 268 305 
6 43 80 120 157 194 234 271 308 
7 44 81 121 158 195 235 272 309 
8 45 82 122 159 196 236 273 310 
9 46 83 123 160 197 237 274 311 
12 49 86 126 163 200 240 277 314 
13 50 87 127 164 201 241 278 315 
14 51 88 128 165 202 242 279 316 
15 52 89 129 166 203 243 280 317 
18 55 92 132 169 206 246 283 320 
19 56 93 133 170 207 247 284 321 
20 57 94 134 171 208 248 285 322 
21 58 95 135 172 209 249 286 323 
