dummy
dummy
dummy
0000000000000000 0000000000110011 0000000000001001 0000000000000000 0000000000001000 0000000000001001 0000000000000000 0000000000000000 
0000000000000000 0000000000111001 0000000000000011 0000000000000000 0000000000010001 0000000000010011 0000000000000000 0000000000000000 
0000000000000000 0000000000100111 0000000000000000 0000000000000000 0000000000001101 0000000000010010 0000000000000000 0000000000000000 
0000000000000000 0000000000100000 0000000000001000 0000000000000000 0000000000001110 0000000000000010 0000000000000000 0000000000000000 
0000000000000000 0000000000100111 0000000000001110 0000000000000000 0000000000000101 0000000000000000 0000000000000000 0000000000000000 
0000000000000000 0000000000110101 0000000000001101 0000000000000000 0000000000000000 0000000000000000 0000000000000000 0000000000000000 
0000000000000000 0000000001000011 0000000000001000 0000000000000000 0000000000000000 0000000000000010 0000000000000000 0000000000000000 
0000000000000000 0000000001000011 0000000000000000 0000000000000000 0000000000001000 0000000000000100 0000000000000000 0000000000000000 
0000000000000000 0000000000100101 0000000000000010 0000000000000000 0000000000001011 0000000000000000 0000000000000000 0000000000000000 
0000000000000000 0000000000100101 0000000000000000 0000000000000000 0000000000000000 0000000000000000 0000000000000000 0000000000000000 
0000000000000000 0000000000110100 0000000000000000 0000000000000000 0000000000000000 0000000000000101 0000000000000000 0000000000000000 
0000000000000000 0000000000111010 0000000000001010 0000000000000000 0000000000000000 0000000000000000 0000000000000000 0000000000000000 
0000000000000000 0000000000111100 0000000000000010 0000000000000000 0000000000000100 0000000000000000 0000000000000000 0000000000000000 
0000000000000000 0000000001000010 0000000000001011 0000000000000000 0000000000000000 0000000000000000 0000000000000000 0000000000000000 
0000000000000000 0000000001000111 0000000000010001 0000000000000000 0000000000001110 0000000000000100 0000000000000000 0000000000000000 
0000000000000000 0000000000111111 0000000000011101 0000000000000000 0000000000000101 0000000000000110 0000000000000000 0000000000000000 
