#col0row15[msb-lsb],col0row14[msb-lst],....,col0row0[msb-lst]#
#col1row15[msb-lsb],col1row14[msb-lst],....,col1row0[msb-lst]#
#................#
0001 1111 1111 0010 0010 1111 0010 1111 1110 1111 0001 0010 1110 1100 1110 0010 
1111 1110 0010 0011 1111 1110 1100 0000 1111 1101 0000 1101 0000 1101 0000 1101 
0001 1111 1110 1101 1111 0001 1101 1110 1110 0001 1111 0100 0001 1100 0000 0101 
0001 0000 0010 1101 1111 0000 1110 1111 1110 0000 1110 1111 1111 1110 0011 0011 
0000 1101 0000 0001 1111 0000 0001 1110 1101 0000 1110 0000 0010 0011 1101 1101 
0000 0000 0001 1101 1101 1111 1111 0000 1111 0001 1111 0010 1111 0001 0011 0000 
0011 0101 0010 0010 1110 1111 1110 0000 0010 1110 0000 0011 0101 0011 0101 0011 
0010 1101 1111 1111 1110 1111 1101 0010 1111 1111 0000 1111 1101 0001 0010 0001 
