000000000000000010010100001001010000011100100001001011100010111100000111001000010000100100100101110
000000000010000010011000001001011000011100110001001100000010111101000111001010010000101000100101111
000000000100000010011100001001100000011101000001001100100010111110000111001100010000101100100110000
000000000110000010100000001001101000011101010001001101000010111111000111001110010000110000100110001
000000001100000010101100001010000000011110000001001110100011000010000111010100010000111100100110100
000000001110000010110000001010001000011110010001001111000011000011000111010110010001000000100110101
000000010000000010110100001010010000011110100001001111100011000100000111011000010001000100100110110
000000010010000010111000001010011000011110110001010000000011000101000111011010010001001000100110111
000000011000000011000100001010110000011111100001010001100011001000000111100000010001010100100111010
000000011010000011001000001010111000011111110001010010000011001001000111100010010001011000100111011
000000011100000011001100001011000000100000000001010010100011001010000111100100010001011100100111100
000000011110000011010000001011001000100000010001010011000011001011000111100110010001100000100111101
000000100100000011011100001011100000100001000001010100100011001110000111101100010001101100101000000
000000100110000011100000001011101000100001010001010101000011001111000111101110010001110000101000001
000000101000000011100100001011110000100001100001010101100011010000000111110000010001110100101000010
000000101010000011101000001011111000100001110001010110000011010001000111110010010001111000101000011
