dummy
dummy
dummy
00000000000000000000000000110011000000000000100100000000000000000000000000001000000000000000100100000000000000000000000000000000
00000000000000000000000000111001000000000000001100000000000000000000000000010001000000000001001100000000000000000000000000000000
00000000000000000000000000100111000000000000000000000000000000000000000000001101000000000001001000000000000000000000000000000000
00000000000000000000000000100000000000000000100000000000000000000000000000001110000000000000001000000000000000000000000000000000
00000000000000000000000000100111000000000000111000000000000000000000000000000101000000000000000000000000000000000000000000000000
00000000000000000000000000110101000000000000110100000000000000000000000000000000000000000000000000000000000000000000000000000000
00000000000000000000000001000011000000000000100000000000000000000000000000000000000000000000001000000000000000000000000000000000
00000000000000000000000001000011000000000000000000000000000000000000000000001000000000000000010000000000000000000000000000000000
00000000000000000000000000100101000000000000001000000000000000000000000000001011000000000000000000000000000000000000000000000000
00000000000000000000000000100101000000000000000000000000000000000000000000000000000000000000000000000000000000000000000000000000
00000000000000000000000000110100000000000000000000000000000000000000000000000000000000000000010100000000000000000000000000000000
00000000000000000000000000111010000000000000101000000000000000000000000000000000000000000000000000000000000000000000000000000000
00000000000000000000000000111100000000000000001000000000000000000000000000000100000000000000000000000000000000000000000000000000
00000000000000000000000001000010000000000000101100000000000000000000000000000000000000000000000000000000000000000000000000000000
00000000000000000000000001000111000000000001000100000000000000000000000000001110000000000000010000000000000000000000000000000000
00000000000000000000000000111111000000000001110100000000000000000000000000000101000000000000011000000000000000000000000000000000
