11111111111101101111111111101100000000000001010000000000000000001111111111011110000000000001000000000000001010001111111111110110
11111111111101001111111111101111000000000001001000000000000110001111111111100100000000000001011000000000001110001111111111101010
11111111111111011111111111101100000000000001001100000000000001101111111111100101000000000000100100000000001100101111111111110010
11111111111001011111111111110001000000000000011000000000000001111111111111101000000000000000100100000000001100011111111111110011
11111111111101101111111111111011000000000000101000000000000011111111111111101001000000000001000100000000001000100000000000000000
11111111111100001111111111111101000000000000001100000000000101101111111111110110000000000000100000000000000111101111111111110010
11111111111100011111111111110000000000000000110000000000000011001111111111110111000000000000001100000000001001111111111111110011
11111111111011101111111111110011000000000000000000000000000000001111111111101100000000000000000100000000001000001111111111111111
11111111111011011111111111111001111111111111110100000000000011111111111111111001000000000000010100000000001000001111111111110111
11111111111101111111111111110011000000000000001000000000000010101111111111110100111111111111101100000000000111111111111111110110
11111111111010011111111111110001000000000000100000000000000000010000000000000001000000000000111100000000001000011111111111110100
11111111111101111111111111111011000000000000100100000000000010101111111111101011000000000000101000000000000111001111111111111010
11111111111010001111111111110101111111111111111111111111111111011111111111110001111111111111101000000000001000001111111111111101
11111111111101001111111111111010000000000000111100000000000010001111111111110111000000000000111100000000000100101111111111111011
11111111111110101111111111101100000000000000010100000000000000111111111111101111000000000000111100000000001000101111111111110010
11111111111011011111111111111010000000000000000000000000000001011111111111110001000000000000100000000000000111111111111111110000
