??
??
??
1111111111110110 1111111111101100 0000000000010100 0000000000000000 1111111111011110 0000000000010000 0000000000101000 1111111111110110 
1111111111110100 1111111111101111 0000000000010010 0000000000011000 1111111111100100 0000000000010110 0000000000111000 1111111111101010 
1111111111111101 1111111111101100 0000000000010011 0000000000000110 1111111111100101 0000000000001001 0000000000110010 1111111111110010 
1111111111100101 1111111111110001 0000000000000110 0000000000000111 1111111111101000 0000000000001001 0000000000110001 1111111111110011 
1111111111110110 1111111111111011 0000000000001010 0000000000001111 1111111111101001 0000000000010001 0000000000100010 0000000000000000 
1111111111110000 1111111111111101 0000000000000011 0000000000010110 1111111111110110 0000000000001000 0000000000011110 1111111111110010 
1111111111110001 1111111111110000 0000000000001100 0000000000001100 1111111111110111 0000000000000011 0000000000100111 1111111111110011 
1111111111101110 1111111111110011 0000000000000000 0000000000000000 1111111111101100 0000000000000001 0000000000100000 1111111111111111 
1111111111101101 1111111111111001 1111111111111101 0000000000001111 1111111111111001 0000000000000101 0000000000100000 1111111111110111 
1111111111110111 1111111111110011 0000000000000010 0000000000001010 1111111111110100 1111111111111011 0000000000011111 1111111111110110 
1111111111101001 1111111111110001 0000000000001000 0000000000000001 0000000000000001 0000000000001111 0000000000100001 1111111111110100 
1111111111110111 1111111111111011 0000000000001001 0000000000001010 1111111111101011 0000000000001010 0000000000011100 1111111111111010 
1111111111101000 1111111111110101 1111111111111111 1111111111111101 1111111111110001 1111111111111010 0000000000100000 1111111111111101 
1111111111110100 1111111111111010 0000000000001111 0000000000001000 1111111111110111 0000000000001111 0000000000010010 1111111111111011 
1111111111111010 1111111111101100 0000000000000101 0000000000000011 1111111111101111 0000000000001111 0000000000100010 1111111111110010 
1111111111101101 1111111111111010 0000000000000000 0000000000000101 1111111111110001 0000000000001000 0000000000011111 1111111111110000 
