#time0col7[msb-lsb],time0col6[msb-lst],....,time0col0[msb-lst]#
#time1col7[msb-lsb],time1col6[msb-lst],....,time1col0[msb-lst]#
#................#
11111111111111110000000000000010000000000000001111111111111111010000000000000000000000000000000011111111111111111111111111111100
11111111111111110000000000000010000000000000001111111111111111010000000000000000000000000000000011111111111111111111111111111100
00000000000000000000000000000001000000000000001011111111111111101111111111111111000000000000000000000000000000001111111111111100
00000000000000000000000000000000000000000000000000000000000000000000000000000000000000000000000000000000000000000000000000000000
00000000000000000000000000000000000000000000000000000000000000000000000000000000000000000000000000000000000000000000000000000000
00000000000000000000000000000000000000000000000000000000000000000000000000000000000000000000000000000000000000000000000000000000
11111111111111110000000000000001000000000000000111111111111111110000000000000001000000000000000011111111111111110000000000000000
11111111111111100000000000001010000000000000011111111111111111110000000000000000000000000000000111111111111111011111111111111001
00000000000000000000000000000110000000000000100111111111111110110000000000000001000000000000001111111111111111011111111111110111
11111111111111110000000000000010000000000000001111111111111111010000000000000000000000000000000011111111111111111111111111111100
00000000000000000000000000000011000000000000000100000000000000001111111111111110111111111111111111111111111111011111111111111101
00000000000000000000000000000011000000000000000100000000000000001111111111111110111111111111111111111111111111011111111111111101
00000000000000000000000000000011000000000000000100000000000000001111111111111110111111111111111111111111111111011111111111111101
00000000000000000000000000000011000000000000000100000000000000001111111111111110111111111111111111111111111111011111111111111101
00000000000000000000000000000011000000000000000100000000000000001111111111111110111111111111111111111111111111011111111111111101
11111111111111100000000000000100000000000000010111111111111111011111111111111010111111111111111111111111111111101111111111111000
11111111111111100000000000000100000000000000010111111111111111011111111111111010111111111111111111111111111111101111111111111000
00000000000000000000000000000011000000000000000100000000000000001111111111111110111111111111111111111111111111011111111111111101
00000000000000000000000000000000000000000000000000000000000000000000000000000000000000000000000000000000000000000000000000000000
11111111111111010000000000000110000000000000000100000000000000011111111111111111111111111111111011111111111111111111111111111110
11111111111111100000000000001010000000000000011111111111111111110000000000000000000000000000000111111111111111011111111111111001
11111111111111000000000000000110000000000000010100000000000000011111111111111111000000000000001011111111111111011111111111111010
11111111111111000000000000000110000000000000010100000000000000011111111111111111000000000000001011111111111111011111111111111010
11111111111111000000000000000001000000000000011111111111111111101111111111111110000000000000010011111111111111101111111111111011
11111111111111000000000000000001000000000000000111111111111111111111111111111001000000000000000100000000000010000000000000000001
00000000000000000000000000000101000000000000000011111111111111111111111111111100000000000000000000000000000000111111111111111100
00000000000000000000000000000000000000000000000000000000000000000000000000000000000000000000000000000000000000000000000000000000
00000000000000000000000000000000000000000000000000000000000000000000000000000000000000000000000000000000000000000000000000000000
00000000000000000000000000000010111111111111111111111111111111111111111111111110000000000000000100000000000001101111111111111111
11111111111111010000000000000000000000000000000011111111111111101111111111111101000000000000001000000000000001011111111111111100
11111111111110110000000000000011000000000000000100000000000000011111111111111101111111111111111111111111111111111111111111111011
11111111111111000000000000000110000000000000010100000000000000011111111111111111000000000000001011111111111111011111111111111010
11111111111110110000000000001001000000000000101011111111111111001111111111111110000000000000001011111111111111001111111111110010
11111111111110100000000000000111000000000000100111111111111111101111111111111011000000000000001011111111111111101111111111110101
00000000000000000000000000000101000000000000011111111111111111010000000000000010000000000000001111111111111111011111111111111011
11111111111111110000000000000010000000000000001111111111111111010000000000000000000000000000000011111111111111111111111111111100
00000000000000010000000000000100000000000000001111111111111111000000000000000000000000000000001111111111111111111111111111111011
00000000000000010000000000000100000000000000001111111111111111000000000000000000000000000000001111111111111111111111111111111011
00000000000000100000000000000011000000000000001100000000000000001111111111111111000000000000001011111111111111011111111111111111
00000000000000000000000000000000000000000000000000000000000000000000000000000000000000000000000000000000000000000000000000000000
00000000000000000000000000000000000000000000000000000000000000000000000000000000000000000000000000000000000000000000000000000000
00000000000000000000000000000000000000000000000000000000000000000000000000000000000000000000000000000000000000000000000000000000
11111111111111110000000000000001000000000000000011111111111111000000000000000001000000000000000100000000000000101111111111111100
11111111111111100000000000001100000000000000001111111111111101100000000000000001111111111111111111111111111111101111111111111010
00000000000000010000000000001001000000000000100111111111111110001111111111111110000000000000010111111111111110011111111111111001
00000000000000010000000000000100000000000000001111111111111111000000000000000000000000000000001111111111111111111111111111111011
00000000000000000000000000000101000000000000000000000000000000001111111111111111000000000000001011111111111111011111111111111111
00000000000000000000000000000101000000000000000000000000000000001111111111111111000000000000001011111111111111011111111111111111
00000000000000000000000000000101000000000000000000000000000000001111111111111111000000000000001011111111111111011111111111111111
00000000000000000000000000000101000000000000000000000000000000001111111111111111000000000000001011111111111111011111111111111111
00000000000000000000000000000101000000000000000000000000000000001111111111111111000000000000001011111111111111011111111111111111
00000000000000110000000000001010000000000000010011111111111111101111111111111100000000000000010011111111111101011111111111111111
00000000000000110000000000001010000000000000010011111111111111101111111111111100000000000000010011111111111101011111111111111111
00000000000000000000000000000101000000000000000000000000000000001111111111111111000000000000001011111111111111011111111111111111
00000000000000000000000000000000000000000000000000000000000000000000000000000000000000000000000000000000000000000000000000000000
11111111111111100000000000000111111111111111110111111111111110100000000000000011111111111111110100000000000001001111111111111100
11111111111111100000000000001100000000000000001111111111111101100000000000000001111111111111111111111111111111101111111111111010
11111111111111000000000000001011000000000000000011111111111101110000000000000000111111111111111111111111111111111111111111111101
11111111111111000000000000001011000000000000000011111111111101110000000000000000111111111111111111111111111111111111111111111101
11111111111111100000000000000111000000000000010011111111111101111111111111111100000000000000001111111111111110001111111111111110
00000000000000010000000000000011111111111111111011111111111110011111111111111010000000000000000111111111111111010000000000000000
00000000000000010000000000000111111111111111111111111111111111011111111111111100000000000000010100000000000000011111111111111100
00000000000000000000000000000000000000000000000000000000000000000000000000000000000000000000000000000000000000000000000000000000
00000000000000000000000000000000000000000000000000000000000000000000000000000000000000000000000000000000000000000000000000000000
00000000000000010000000000000010111111111111111111111111111111011111111111111101000000000000001100000000000001001111111111111101
00000000000000000000000000000101111111111111111111111111111110101111111111111100000000000000011000000000000001001111111111111011
11111111111111100000000000001001111111111111110111111111111110110000000000000001111111111111111100000000000000101111111111111110
11111111111111000000000000001011000000000000000011111111111101110000000000000000111111111111111111111111111111111111111111111101
11111111111111110000000000010010000000000000011011111111111100111111111111111111000000000000010011111111111110111111111111110111
11111111111111110000000000010000000000000000010011111111111101011111111111111101000000000000000111111111111101111111111111111101
11111111111111110000000000000110000000000000011011111111111110001111111111111111000000000000001111111111111111001111111111111010
00000000000000010000000000000100000000000000001111111111111111000000000000000000000000000000001111111111111111111111111111111011
00000000000000110000000000000011000000000000010011111111111111010000000000000011000000000000000100000000000000000000000000000011
00000000000000110000000000000011000000000000010011111111111111010000000000000011000000000000000100000000000000000000000000000011
00000000000000100000000000000010000000000000001111111111111111001111111111111111000000000000000011111111111111010000000000000010
00000000000000000000000000000000000000000000000000000000000000000000000000000000000000000000000000000000000000000000000000000000
00000000000000000000000000000000000000000000000000000000000000000000000000000000000000000000000000000000000000000000000000000000
00000000000000000000000000000000000000000000000000000000000000000000000000000000000000000000000000000000000000000000000000000000
00000000000000010000000000000001000000000000000100000000000000010000000000000100000000000000000100000000000000110000000000000001
00000000000001100000000000000101000000000000100111111111111110110000000000000110111111111111111000000000000000011111111111111111
00000000000001110000000000000101000000000000101111111111111101110000000000000011000000000000001011111111111111010000000000000110
00000000000000110000000000000011000000000000010011111111111111010000000000000011000000000000000100000000000000000000000000000011
00000000000000110000000000000011111111111111111000000000000000000000000000000001111111111111110100000000000000011111111111111100
00000000000000110000000000000011111111111111111000000000000000000000000000000001111111111111110100000000000000011111111111111100
00000000000000110000000000000011111111111111111000000000000000000000000000000001111111111111110100000000000000011111111111111100
00000000000000110000000000000011111111111111111000000000000000000000000000000001111111111111110100000000000000011111111111111100
00000000000000110000000000000011111111111111111000000000000000000000000000000001111111111111110100000000000000011111111111111100
00000000000000110000000000000100000000000000010111111111111110011111111111111101111111111111110011111111111101110000000000000010
00000000000000110000000000000100000000000000010111111111111110011111111111111101111111111111110011111111111101110000000000000010
00000000000000110000000000000011111111111111111000000000000000000000000000000001111111111111110100000000000000011111111111111100
00000000000000000000000000000000000000000000000000000000000000000000000000000000000000000000000000000000000000000000000000000000
00000000000000100000000000000011000000000000001000000000000000010000000000000110111111111111110100000000000001001111111111111100
00000000000001100000000000000101000000000000100111111111111110110000000000000110111111111111111000000000000000011111111111111111
00000000000000110000000000000100000000000000001000000000000000010000000000000100111111111111111100000000000000101111111111111011
00000000000000110000000000000100000000000000001000000000000000010000000000000100111111111111111100000000000000101111111111111011
00000000000000000000000000000001000000000000010111111111111111101111111111111111000000000000001011111111111110100000000000000100
11111111111110011111111111111111000000000000011011111111111110101111111111111000111111111111110111111111111101110000000000000111
00000000000000100000000000000110111111111111111111111111111111001111111111111110111111111111110000000000000000111111111111111101
00000000000000000000000000000000000000000000000000000000000000000000000000000000000000000000000000000000000000000000000000000000
00000000000000000000000000000000000000000000000000000000000000000000000000000000000000000000000000000000000000000000000000000000
11111111111111110000000000000011000000000000000111111111111111001111111111111101111111111111111100000000000000100000000000000001
11111111111111110000000000000101111111111111111011111111111111111111111111111110000000000000000100000000000000110000000000000000
00000000000000010000000000000100111111111111111000000000000000110000000000000011111111111111111000000000000000101111111111111010
00000000000000110000000000000100000000000000001000000000000000010000000000000100111111111111111100000000000000101111111111111011
00000000000010000000000000001001000000000000100111111111111110100000000000000110000000000000000011111111111111110000000000000000
00000000000000110000000000000101000000000000100111111111111110100000000000000000111111111111111011111111111110000000000000000001
00000000000001010000000000000011000000000000100011111111111110110000000000000100000000000000001000000000000000000000000000000100
00000000000000110000000000000011000000000000010011111111111111010000000000000011000000000000000100000000000000000000000000000011
11111111111110100000000000000100111111111111111000000000000000000000000000001001000000000000000111111111111111110000000000000000
11111111111110100000000000000100111111111111111000000000000000000000000000001001000000000000000111111111111111110000000000000000
11111111111111100000000000000001111111111111111111111111111111110000000000000101000000000000001000000000000000000000000000000000
00000000000000000000000000000000000000000000000000000000000000000000000000000000000000000000000000000000000000000000000000000000
00000000000000000000000000000000000000000000000000000000000000000000000000000000000000000000000000000000000000000000000000000000
00000000000000000000000000000000000000000000000000000000000000000000000000000000000000000000000000000000000000000000000000000000
11111111111111000000000000000011111111111111111100000000000000010000000000000100111111111111111111111111111111110000000000000000
11111111111110000000000000001010111111111111111111111111111111110000000000001111000000000000000111111111111111011111111111111100
11111111111101110000000000001000111111111111111111111111111111000000000000010010000000000000001111111111111111110000000000000000
11111111111110100000000000000100111111111111111000000000000000000000000000001001000000000000000111111111111111110000000000000000
11111111111111110000000000000000000000000000000111111111111111101111111111111110000000000000001100000000000000001111111111111101
11111111111111110000000000000000000000000000000111111111111111101111111111111110000000000000001100000000000000001111111111111101
11111111111111110000000000000000000000000000000111111111111111101111111111111110000000000000001100000000000000001111111111111101
11111111111111110000000000000000000000000000000111111111111111101111111111111110000000000000001100000000000000001111111111111101
11111111111111110000000000000000000000000000000111111111111111101111111111111110000000000000001100000000000000001111111111111101
11111111111110110000000000000100111111111111111111111111111110110000000000000100000000000000100000000000000000001111111111111011
11111111111110110000000000000100111111111111111111111111111110110000000000000100000000000000100000000000000000001111111111111011
11111111111111110000000000000000000000000000000111111111111111101111111111111110000000000000001100000000000000001111111111111101
00000000000000000000000000000000000000000000000000000000000000000000000000000000000000000000000000000000000000000000000000000000
11111111111110110000000000000110111111111111111000000000000000110000000000000110111111111111111111111111111111011111111111111100
11111111111110000000000000001010111111111111111111111111111111110000000000001111000000000000000111111111111111011111111111111100
11111111111110110000000000001010000000000000000000000000000000010000000000000111111111111111110111111111111110111111111111111110
11111111111110110000000000001010000000000000000000000000000000010000000000000111111111111111110111111111111110111111111111111110
11111111111110100000000000001010000000000000000011111111111111010000000000000110000000000000000011111111111111010000000000000000
11111111111111010000000000001000000000000000001111111111111110101111111111111110000000000000010100000000000000011111111111111110
11111111111111100000000000000011000000000000010111111111111110111111111111111111000000000000010000000000000000011111111111111111
00000000000000000000000000000000000000000000000000000000000000000000000000000000000000000000000000000000000000000000000000000000
00000000000000000000000000000000000000000000000000000000000000000000000000000000000000000000000000000000000000000000000000000000
11111111111111110000000000000011000000000000010011111111111111010000000000000001000000000000000100000000000000010000000000000010
11111111111111000000000000000111000000000000001111111111111111110000000000000010111111111111111011111111111111100000000000000100
11111111111111000000000000000111111111111111111000000000000001000000000000000011111111111111110111111111111110111111111111111110
11111111111110110000000000001010000000000000000000000000000000010000000000000111111111111111110111111111111110111111111111111110
11111111111100110000000000001111111111111111110100000000000000000000000000010101000000000000000011111111111110101111111111111110
11111111111101110000000000001110111111111111111011111111111111100000000000001101000000000000001011111111111110111111111111111100
11111111111110010000000000000111000000000000000011111111111111010000000000001101000000000000000111111111111111110000000000000000
11111111111110100000000000000100111111111111111000000000000000000000000000001001000000000000000111111111111111110000000000000000
11111111111111100000000000001000111111111111111111111111111111110000000000000010000000000000011011111111111111010000000000000000
11111111111111100000000000001000111111111111111111111111111111110000000000000010000000000000011011111111111111010000000000000000
00000000000000010000000000000011000000000000000011111111111111010000000000000011000000000000010111111111111111010000000000000010
00000000000000000000000000000000000000000000000000000000000000000000000000000000000000000000000000000000000000000000000000000000
00000000000000000000000000000000000000000000000000000000000000000000000000000000000000000000000000000000000000000000000000000000
00000000000000000000000000000000000000000000000000000000000000000000000000000000000000000000000000000000000000000000000000000000
11111111111111010000000000000101111111111111111100000000000000101111111111111111000000000000000100000000000000001111111111111110
11111111111111100000000000001110000000000000001000000000000000101111111111111111000000000000011011111111111101111111111111111110
11111111111111100000000000001110000000000000000111111111111111000000000000000100000000000000111111111111111101110000000000000100
11111111111111100000000000001000111111111111111111111111111111110000000000000010000000000000011011111111111111010000000000000000
00000000000000100000000000000101000000000000001111111111111111010000000000000011000000000000000000000000000000001111111111111110
00000000000000100000000000000101000000000000001111111111111111010000000000000011000000000000000000000000000000001111111111111110
00000000000000100000000000000101000000000000001111111111111111010000000000000011000000000000000000000000000000001111111111111110
00000000000000100000000000000101000000000000001111111111111111010000000000000011000000000000000000000000000000001111111111111110
00000000000000100000000000000101000000000000001111111111111111010000000000000011000000000000000000000000000000001111111111111110
00000000000000110000000000001101000000000000001011111111111101000000000000000111000000000000100011111111111110010000000000000000
00000000000000110000000000001101000000000000001011111111111101000000000000000111000000000000100011111111111110010000000000000000
00000000000000100000000000000101000000000000001111111111111111010000000000000011000000000000000000000000000000001111111111111110
00000000000000000000000000000000000000000000000000000000000000000000000000000000000000000000000000000000000000000000000000000000
11111111111111100000000000001000000000000000000000000000000001011111111111111101111111111111110111111111111111011111111111111010
11111111111111100000000000001110000000000000001000000000000000101111111111111111000000000000011011111111111101111111111111111110
11111111111111000000000000001001000000000000001100000000000001011111111111111100000000000000001011111111111101111111111111111011
11111111111111000000000000001001000000000000001100000000000001011111111111111100000000000000001011111111111101111111111111111011
11111111111110110000000000001011000000000000000111111111111111001111111111111111000000000000100111111111111101101111111111111111
11111111111111110000000000000111111111111111110111111111111101011111111111111101000000000000000011111111111110111111111111111111
00000000000000100000000000000101000000000000001011111111111110110000000000000001111111111111111100000000000000001111111111111111
00000000000000000000000000000000000000000000000000000000000000000000000000000000000000000000000000000000000000000000000000000000
00000000000000000000000000000000000000000000000000000000000000000000000000000000000000000000000000000000000000000000000000000000
00000000000000000000000000000000111111111111111111111111111111101111111111111110111111111111111100000000000000000000000000000001
11111111111111000000000000000011111111111111111100000000000000001111111111111101000000000000000111111111111111011111111111111110
11111111111111010000000000000110000000000000000100000000000001011111111111111101111111111111111011111111111110101111111111111001
11111111111111000000000000001001000000000000001100000000000001011111111111111100000000000000001011111111111101111111111111111011
11111111111110110000000000010100000000000000001000000000000000010000000000000001000000000000110111111111111100011111111111111101
11111111111111010000000000010001000000000000001011111111111111000000000000000000000000000000101011111111111100001111111111111101
11111111111111010000000000001011000000000000000111111111111111110000000000000001000000000000101011111111111110100000000000000010
11111111111111100000000000001000111111111111111111111111111111110000000000000010000000000000011011111111111111010000000000000000
11111111111111010000000000001010000000000000001111111111111111000000000000000011000000000000001011111111111111111111111111111110
11111111111111010000000000001010000000000000001111111111111111000000000000000011000000000000001011111111111111111111111111111110
11111111111111010000000000000101000000000000001111111111111111000000000000000000000000000000000111111111111111111111111111111110
00000000000000000000000000000000000000000000000000000000000000000000000000000000000000000000000000000000000000000000000000000000
00000000000000000000000000000000000000000000000000000000000000000000000000000000000000000000000000000000000000000000000000000000
00000000000000000000000000000000000000000000000000000000000000000000000000000000000000000000000000000000000000000000000000000000
00000000000000000000000000000101000000000000000000000000000000000000000000000011000000000000000100000000000000000000000000000000
11111111111111100000000000001011000000000000010011111111111111010000000000000101000000000000001111111111111111001111111111110111
11111111111110100000000000010000000000000000100111111111111101100000000000000011000000000000010111111111111111011111111111111001
11111111111111010000000000001010000000000000001111111111111111000000000000000011000000000000001011111111111111111111111111111110
11111111111111110000000000000010000000000000000100000000000000010000000000000001111111111111111100000000000000001111111111111100
11111111111111110000000000000010000000000000000100000000000000010000000000000001111111111111111100000000000000001111111111111100
11111111111111110000000000000010000000000000000100000000000000010000000000000001111111111111111100000000000000001111111111111100
11111111111111110000000000000010000000000000000100000000000000010000000000000001111111111111111100000000000000001111111111111100
11111111111111110000000000000010000000000000000100000000000000010000000000000001111111111111111100000000000000001111111111111100
11111111111110000000000000001001000000000000010111111111111110111111111111111110000000000000001111111111111111011111111111111000
11111111111110000000000000001001000000000000010111111111111110111111111111111110000000000000001111111111111111011111111111111000
11111111111111110000000000000010000000000000000100000000000000010000000000000001111111111111111100000000000000001111111111111100
00000000000000000000000000000000000000000000000000000000000000000000000000000000000000000000000000000000000000000000000000000000
00000000000000010000000000000101111111111111111000000000000000110000000000000101000000000000000011111111111111101111111111111100
11111111111111100000000000001011000000000000010011111111111111010000000000000101000000000000001111111111111111001111111111110111
11111111111111110000000000001000000000000000000100000000000000000000000000000001000000000000001111111111111111011111111111111011
11111111111111110000000000001000000000000000000100000000000000000000000000000001000000000000001111111111111111011111111111111011
11111111111110100000000000001010000000000000010011111111111110111111111111111100000000000000011111111111111111011111111111111101
11111111111111000000000000000011111111111111111111111111111111011111111111110111000000000000100011111111111111000000000000000000
00000000000000000000000000000110000000000000000111111111111111101111111111111110000000000000001011111111111111111111111111111110
00000000000000000000000000000000000000000000000000000000000000000000000000000000000000000000000000000000000000000000000000000000
00000000000000000000000000000000000000000000000000000000000000000000000000000000000000000000000000000000000000000000000000000000
00000000000000010000000000000100000000000000000011111111111111011111111111111101000000000000001111111111111111110000000000000010
11111111111111110000000000001011000000000000000011111111111111001111111111111100000000000000010111111111111111110000000000000100
11111111111111110000000000000111111111111111111000000000000000100000000000000001000000000000000111111111111111101111111111111110
11111111111111110000000000001000000000000000000100000000000000000000000000000001000000000000001111111111111111011111111111111011
11111111111110010000000000010111000000000000011111111111111110000000000000000100000000000000011011111111111110111111111111110111
11111111111110000000000000001111000000000000010111111111111110101111111111111110000000000000011111111111111110101111111111110111
11111111111111010000000000001011000000000000011011111111111110100000000000000011000000000000010011111111111111101111111111111011
11111111111111010000000000001010000000000000001111111111111111000000000000000011000000000000001011111111111111111111111111111110
11111111111111010000000000000011000000000000001111111111111111010000000000001000000000000000001011111111111111110000000000000001
11111111111111010000000000000011000000000000001111111111111111010000000000001000000000000000001011111111111111110000000000000001
11111111111111100000000000000010000000000000010011111111111111110000000000000101000000000000000111111111111111111111111111111111
00000000000000000000000000000000000000000000000000000000000000000000000000000000000000000000000000000000000000000000000000000000
00000000000000000000000000000000000000000000000000000000000000000000000000000000000000000000000000000000000000000000000000000000
00000000000000000000000000000000000000000000000000000000000000000000000000000000000000000000000000000000000000000000000000000000
11111111111111110000000000000001111111111111111111111111111111100000000000000011000000000000000100000000000000000000000000000010
11111111111110010000000000000111000000000000010111111111111110100000000000001001000000000000010011111111111111010000000000000010
11111111111110000000000000000111000000000000100011111111111110110000000000001110000000000000010111111111111111010000000000000010
11111111111111010000000000000011000000000000001111111111111111010000000000001000000000000000001011111111111111110000000000000001
00000000000000000000000000000100111111111111111011111111111111010000000000000011000000000000001111111111111111101111111111111111
00000000000000000000000000000100111111111111111011111111111111010000000000000011000000000000001111111111111111101111111111111111
00000000000000000000000000000100111111111111111011111111111111010000000000000011000000000000001111111111111111101111111111111111
00000000000000000000000000000100111111111111111011111111111111010000000000000011000000000000001111111111111111101111111111111111
00000000000000000000000000000100111111111111111011111111111111010000000000000011000000000000001111111111111111101111111111111111
11111111111111000000000000001001000000000000011011111111111110100000000000001110000000000000001111111111111110111111111111111100
11111111111111000000000000001001000000000000011011111111111110100000000000001110000000000000001111111111111110111111111111111100
00000000000000000000000000000100111111111111111011111111111111010000000000000011000000000000001111111111111111101111111111111111
00000000000000000000000000000000000000000000000000000000000000000000000000000000000000000000000000000000000000000000000000000000
11111111111111100000000000000011000000000000000011111111111111000000000000000011000000000000000111111111111111110000000000000001
11111111111110010000000000000111000000000000010111111111111110100000000000001001000000000000010011111111111111010000000000000010
11111111111111010000000000001001000000000000000011111111111110000000000000000000000000000000001111111111111111110000000000000001
11111111111111010000000000001001000000000000000011111111111110000000000000000000000000000000001111111111111111110000000000000001
11111111111111000000000000001010000000000000001111111111111110000000000000000110000000000000001011111111111111100000000000000000
11111111111111010000000000000100000000000000011111111111111110100000000000000110111111111111101111111111111111111111111111111100
11111111111111110000000000000100000000000000000111111111111110100000000000000010000000000000000100000000000000001111111111111110
00000000000000000000000000000000000000000000000000000000000000000000000000000000000000000000000000000000000000000000000000000000
00000000000000000000000000000000000000000000000000000000000000000000000000000000000000000000000000000000000000000000000000000000
11111111111111110000000000000000000000000000001111111111111111011111111111111111111111111111111000000000000000101111111111111111
00000000000000000000000000000101000000000000000111111111111110001111111111111110111111111111111100000000000000111111111111111111
00000000000000000000000000000111111111111111111111111111111110011111111111111111000000000000000100000000000000001111111111111111
11111111111111010000000000001001000000000000000011111111111110000000000000000000000000000000001111111111111111110000000000000001
11111111111110000000000000001110000000000000011111111111111101000000000000001101000000000000011011111111111111010000000000000001
11111111111110010000000000001110000000000000100011111111111101010000000000001011000000000000001111111111111111001111111111111110
11111111111110100000000000000101000000000000010011111111111111000000000000001001000000000000010011111111111111100000000000000011
11111111111111010000000000000011000000000000001111111111111111010000000000001000000000000000001011111111111111110000000000000001
11111111111110110000000000000001000000000000001100000000000000110000000000000010000000000000001011111111111111101111111111111111
11111111111110110000000000000001000000000000001100000000000000110000000000000010000000000000001011111111111111101111111111111111
11111111111111100000000000000000000000000000000000000000000000000000000000000000000000000000001111111111111111110000000000000001
00000000000000000000000000000000000000000000000000000000000000000000000000000000000000000000000000000000000000000000000000000000
00000000000000000000000000000000000000000000000000000000000000000000000000000000000000000000000000000000000000000000000000000000
00000000000000000000000000000000000000000000000000000000000000000000000000000000000000000000000000000000000000000000000000000000
11111111111111010000000000000001000000000000001100000000000000110000000000000010111111111111111111111111111111111111111111111110
11111111111101100000000000000110000000000000010000000000000000010000000000000110000000000000000111111111111111000000000000000000
11111111111101110000000000000010000000000000010000000000000000000000000000000101000000000000100011111111111111010000000000000011
11111111111110110000000000000001000000000000001100000000000000110000000000000010000000000000001011111111111111101111111111111111
00000000000000010000000000000010111111111111111111111111111111010000000000000000000000000000000000000000000000000000000000000000
00000000000000010000000000000010111111111111111111111111111111010000000000000000000000000000000000000000000000000000000000000000
00000000000000010000000000000010111111111111111111111111111111010000000000000000000000000000000000000000000000000000000000000000
00000000000000010000000000000010111111111111111111111111111111010000000000000000000000000000000000000000000000000000000000000000
00000000000000010000000000000010111111111111111111111111111111010000000000000000000000000000000000000000000000000000000000000000
11111111111111010000000000000001111111111111110111111111111111000000000000000001000000000000010111111111111111010000000000000100
11111111111111010000000000000001111111111111110111111111111111000000000000000001000000000000010111111111111111010000000000000100
00000000000000010000000000000010111111111111111111111111111111010000000000000000000000000000000000000000000000000000000000000000
00000000000000000000000000000000000000000000000000000000000000000000000000000000000000000000000000000000000000000000000000000000
11111111111110100000000000000101000000000000001100000000000001000000000000000011111111111111101111111111111111011111111111111100
11111111111101100000000000000110000000000000010000000000000000010000000000000110000000000000000111111111111111000000000000000000
11111111111110100000000000001000000000000000000111111111111111100000000000000100111111111111111111111111111111101111111111111101
11111111111110100000000000001000000000000000000111111111111111100000000000000100111111111111111111111111111111101111111111111101
11111111111110110000000000000011111111111111111111111111111111000000000000000100000000000000010111111111111111100000000000000010
11111111111111101111111111111111000000000000000011111111111111000000000000000001000000000000001111111111111110110000000000000100
00000000000000010000000000000011000000000000001111111111111110111111111111111111000000000000001011111111111111101111111111111111
00000000000000000000000000000000000000000000000000000000000000000000000000000000000000000000000000000000000000000000000000000000
00000000000000000000000000000000000000000000000000000000000000000000000000000000000000000000000000000000000000000000000000000000
00000000000000000000000000000001000000000000010011111111111111101111111111111111000000000000001011111111111111101111111111111111
11111111111111110000000000000100000000000000010011111111111111101111111111111111000000000000001011111111111111101111111111111011
11111111111111000000000000000111000000000000000000000000000000010000000000000001111111111111110011111111111111101111111111111010
11111111111110100000000000001000000000000000000111111111111111100000000000000100111111111111111111111111111111101111111111111101
11111111111100110000000000001001000000000000010000000000000000010000000000000110000000000000010011111111111110111111111111111101
11111111111101100000000000000111111111111111111111111111111111010000000000000101000000000000010011111111111110110000000000000001
11111111111110010000000000000010000000000000010000000000000000000000000000000101000000000000010111111111111111100000000000000010
11111111111110110000000000000001000000000000001100000000000000110000000000000010000000000000001011111111111111101111111111111111
00000000000000000000000000000011000000000000000111111111111111000000000000000000000000000000000100000000000000001111111111111110
00000000000000000000000000000011000000000000000111111111111111000000000000000000000000000000000100000000000000001111111111111110
11111111111111110000000000000010000000000000001100000000000000000000000000000000000000000000000111111111111111110000000000000000
00000000000000000000000000000000000000000000000000000000000000000000000000000000000000000000000000000000000000000000000000000000
00000000000000000000000000000000000000000000000000000000000000000000000000000000000000000000000000000000000000000000000000000000
00000000000000000000000000000000000000000000000000000000000000000000000000000000000000000000000000000000000000000000000000000000
00000000000000010000000000000001111111111111111011111111111111000000000000000000000000000000000000000000000000011111111111111110
00000000000000010000000000000111111111111111111011111111111111001111111111111111111111111111111011111111111111011111111111111101
00000000000000000000000000000110000000000000010011111111111110110000000000000000000000000000000111111111111111011111111111111101
00000000000000000000000000000011000000000000000111111111111111000000000000000000000000000000000100000000000000001111111111111110
11111111111111110000000000000001000000000000001000000000000000100000000000000000000000000000000011111111111111001111111111111110
11111111111111110000000000000001000000000000001000000000000000100000000000000000000000000000000011111111111111001111111111111110
11111111111111110000000000000001000000000000001000000000000000100000000000000000000000000000000011111111111111001111111111111110
11111111111111110000000000000001000000000000001000000000000000100000000000000000000000000000000011111111111111001111111111111110
11111111111111110000000000000001000000000000001000000000000000100000000000000000000000000000000011111111111111001111111111111110
11111111111110110000000000000110000000000000011000000000000000101111111111111111000000000000001111111111111110011111111111111110
11111111111110110000000000000110000000000000011000000000000000101111111111111111000000000000001111111111111110011111111111111110
11111111111111110000000000000001000000000000001000000000000000100000000000000000000000000000000011111111111111001111111111111110
00000000000000000000000000000000000000000000000000000000000000000000000000000000000000000000000000000000000000000000000000000000
00000000000000010000000000000100111111111111101111111111111111011111111111111111111111111111111000000000000000001111111111111110
00000000000000010000000000000111111111111111111011111111111111001111111111111111111111111111111011111111111111011111111111111101
00000000000000100000000000000100111111111111011011111111111110011111111111111010111111111111101011111111111111101111111111111100
00000000000000100000000000000100111111111111011011111111111110011111111111111010111111111111101011111111111111101111111111111100
11111111111111110000000000000100111111111111101011111111111110001111111111111010111111111111111011111111111111011111111111111100
11111111111110110000000000000100000000000000001011111111111110111111111111111111000000000000010111111111111111011111111111111111
11111111111111110000000000000001000000000000010111111111111111010000000000000001000000000000001011111111111111001111111111111101
00000000000000000000000000000000000000000000000000000000000000000000000000000000000000000000000000000000000000000000000000000000
00000000000000000000000000000000000000000000000000000000000000000000000000000000000000000000000000000000000000000000000000000000
00000000000000000000000000000000000000000000001111111111111110110000000000000001000000000000001000000000000000001111111111111111
00000000000000010000000000000000111111111111110011111111111101001111111111111100111111111111111100000000000000011111111111111100
00000000000000010000000000000011111111111111011011111111111110101111111111111010111111111111101100000000000000001111111111111101
00000000000000100000000000000100111111111111011011111111111110011111111111111010111111111111101011111111111111101111111111111100
00000000000000010000000000001001111111111111101011111111111101011111111111111010111111111111110011111111111111011111111111111010
11111111111111100000000000001001111111111111101011111111111110011111111111111001111111111111110111111111111110111111111111111100
00000000000000010000000000000100000000000000000111111111111110110000000000000000000000000000000011111111111111101111111111111101
00000000000000000000000000000011000000000000000111111111111111000000000000000000000000000000000100000000000000001111111111111110
