#time0row7[msb-lsb],time0row6[msb-lst],....,time0row0[msb-lst]#
#time1row7[msb-lsb],time1row6[msb-lst],....,time1row0[msb-lst]#
#................#
0000 0000 0000 0000 0001 0000 0000 0001 
0000 0000 0000 0000 0001 0000 0000 0000 
0000 0000 0000 0000 0000 0000 0000 0001 
0000 0000 0000 0000 0000 0000 0000 0000 
0000 0000 0000 0000 0000 0000 0000 0000 
0000 0000 0000 0000 0000 0000 0000 0000 
0000 0000 0000 0000 0001 0000 0000 0000 
0000 0000 0000 0001 0001 0001 0000 0001 
0000 0000 0000 0001 0001 0000 0000 0010 
0000 0000 0000 0000 0001 0000 0000 0001 
0000 0000 0000 0000 0000 0000 0001 0000 
0000 0000 0000 0000 0000 0000 0001 0000 
0000 0000 0000 0000 0000 0000 0001 0000 
0000 0000 0000 0000 0000 0000 0001 0000 
0000 0000 0000 0000 0000 0000 0001 0000 
0001 0000 0000 0000 0000 0000 0001 0010 
0001 0000 0000 0000 0000 0000 0001 0010 
0000 0000 0000 0000 0000 0000 0001 0000 
0000 0000 0000 0000 0000 0000 0000 0000 
0000 0000 0000 0000 0001 0001 0000 0000 
0000 0000 0000 0001 0001 0001 0000 0001 
0000 0001 0000 0001 0001 0001 0000 0000 
0000 0001 0000 0001 0001 0001 0000 0000 
0001 0001 0000 0001 0001 0000 0000 0001 
0010 0000 0001 0000 0000 0000 0000 0001 
0000 0000 0001 0000 0000 0000 0001 0000 
0000 0000 0000 0000 0000 0000 0000 0000 
0000 0000 0000 0000 0000 0000 0000 0000 
0000 0000 0001 0000 0000 0000 0000 0000 
0000 0001 0001 0000 0001 0000 0000 0000 
0000 0001 0000 0000 0001 0001 0000 0000 
0000 0001 0000 0001 0001 0001 0000 0000 
0000 0001 0000 0001 0010 0001 0000 0010 
0001 0001 0000 0001 0001 0001 0000 0010 
0000 0000 0000 0001 0001 0000 0000 0001 
0000 0000 0000 0000 0001 0000 0000 0001 
