1111111111110110 0000000000110000 0000000000010010 1111111111101010 0000000000001000 0000000000010000 1111111111101000 1111111111101101 
1111111111110000 0000000000110011 0000000000001100 1111111111110000 0000000000010111 0000000000011010 1111111111100110 1111111111110110 
1111111111101100 0000000000011110 0000000000000010 1111111111110101 0000000000010111 0000000000010011 1111111111110000 1111111111111001 
1111111111110011 0000000000010110 0000000000000111 1111111111110110 0000000000011100 0000000000001000 1111111111110011 1111111111111000 
1111111111111111 0000000000100101 0000000000010101 1111111111101000 0000000000001001 1111111111111100 1111111111110100 1111111111110000 
1111111111110001 0000000000110001 0000000000010111 1111111111100000 0000000000000011 0000000000001001 1111111111101100 1111111111100101 
1111111111110011 0000000000110110 0000000000001110 1111111111010101 0000000000001100 0000000000001110 1111111111101100 1111111111011110 
1111111111110101 0000000000110010 1111111111111110 1111111111011011 0000000000001010 0000000000001110 1111111111110000 1111111111101000 
1111111111111101 0000000000100101 0000000000001101 1111111111110111 0000000000000101 1111111111111011 1111111111110001 1111111111100100 
1111111111111010 0000000000101100 0000000000001000 1111111111111000 0000000000000010 0000000000000110 1111111111100010 1111111111110001 
1111111111111001 0000000000101100 0000000000010000 1111111111110110 0000000000000100 0000000000000111 1111111111011010 1111111111101111 
1111111111110110 0000000000101111 0000000000001110 1111111111101110 1111111111110001 0000000000000111 1111111111100010 1111111111100100 
1111111111111110 0000000000110001 0000000000000101 1111111111010110 0000000000000101 1111111111111011 0000000000000001 1111111111101110 
1111111111101010 0000000000110100 0000000000001001 1111111111100101 0000000000000010 0000000000000100 1111111111110101 1111111111101100 
1111111111101101 0000000000110110 0000000000010000 1111111111100000 0000000000010011 0000000000001100 1111111111110011 1111111111110010 
1111111111101001 0000000000110000 0000000000010110 1111111111100001 0000000000001000 0000000000010000 1111111111101111 1111111111111110 
