#time0col7[msb-lsb],time0col6[msb-lst],....,time0col0[msb-lst]#
#time1col7[msb-lsb],time1col6[msb-lst],....,time1col0[msb-lst]#
#................#
1111111111111111 0000000000000010 0000000000000011 1111111111111101 0000000000000000 0000000000000000 1111111111111111 1111111111111100 
1111111111111111 0000000000000010 0000000000000011 1111111111111101 0000000000000000 0000000000000000 1111111111111111 1111111111111100 
0000000000000000 0000000000000001 0000000000000010 1111111111111110 1111111111111111 0000000000000000 0000000000000000 1111111111111100 
0000000000000000 0000000000000000 0000000000000000 0000000000000000 0000000000000000 0000000000000000 0000000000000000 0000000000000000 
0000000000000000 0000000000000000 0000000000000000 0000000000000000 0000000000000000 0000000000000000 0000000000000000 0000000000000000 
0000000000000000 0000000000000000 0000000000000000 0000000000000000 0000000000000000 0000000000000000 0000000000000000 0000000000000000 
1111111111111111 0000000000000001 0000000000000001 1111111111111111 0000000000000001 0000000000000000 1111111111111111 0000000000000000 
1111111111111110 0000000000001010 0000000000000111 1111111111111111 0000000000000000 0000000000000001 1111111111111101 1111111111111001 
0000000000000000 0000000000000110 0000000000001001 1111111111111011 0000000000000001 0000000000000011 1111111111111101 1111111111110111 
1111111111111111 0000000000000010 0000000000000011 1111111111111101 0000000000000000 0000000000000000 1111111111111111 1111111111111100 
0000000000000000 0000000000000011 0000000000000001 0000000000000000 1111111111111110 1111111111111111 1111111111111101 1111111111111101 
0000000000000000 0000000000000011 0000000000000001 0000000000000000 1111111111111110 1111111111111111 1111111111111101 1111111111111101 
0000000000000000 0000000000000011 0000000000000001 0000000000000000 1111111111111110 1111111111111111 1111111111111101 1111111111111101 
0000000000000000 0000000000000011 0000000000000001 0000000000000000 1111111111111110 1111111111111111 1111111111111101 1111111111111101 
0000000000000000 0000000000000011 0000000000000001 0000000000000000 1111111111111110 1111111111111111 1111111111111101 1111111111111101 
1111111111111110 0000000000000100 0000000000000101 1111111111111101 1111111111111010 1111111111111111 1111111111111110 1111111111111000 
1111111111111110 0000000000000100 0000000000000101 1111111111111101 1111111111111010 1111111111111111 1111111111111110 1111111111111000 
0000000000000000 0000000000000011 0000000000000001 0000000000000000 1111111111111110 1111111111111111 1111111111111101 1111111111111101 
0000000000000000 0000000000000000 0000000000000000 0000000000000000 0000000000000000 0000000000000000 0000000000000000 0000000000000000 
1111111111111101 0000000000000110 0000000000000001 0000000000000001 1111111111111111 1111111111111110 1111111111111111 1111111111111110 
1111111111111110 0000000000001010 0000000000000111 1111111111111111 0000000000000000 0000000000000001 1111111111111101 1111111111111001 
1111111111111100 0000000000000110 0000000000000101 0000000000000001 1111111111111111 0000000000000010 1111111111111101 1111111111111010 
1111111111111100 0000000000000110 0000000000000101 0000000000000001 1111111111111111 0000000000000010 1111111111111101 1111111111111010 
1111111111111100 0000000000000001 0000000000000111 1111111111111110 1111111111111110 0000000000000100 1111111111111110 1111111111111011 
1111111111111100 0000000000000001 0000000000000001 1111111111111111 1111111111111001 0000000000000001 0000000000001000 0000000000000001 
0000000000000000 0000000000000101 0000000000000000 1111111111111111 1111111111111100 0000000000000000 0000000000000011 1111111111111100 
0000000000000000 0000000000000000 0000000000000000 0000000000000000 0000000000000000 0000000000000000 0000000000000000 0000000000000000 
0000000000000000 0000000000000000 0000000000000000 0000000000000000 0000000000000000 0000000000000000 0000000000000000 0000000000000000 
0000000000000000 0000000000000010 1111111111111111 1111111111111111 1111111111111110 0000000000000001 0000000000000110 1111111111111111 
1111111111111101 0000000000000000 0000000000000000 1111111111111110 1111111111111101 0000000000000010 0000000000000101 1111111111111100 
1111111111111011 0000000000000011 0000000000000001 0000000000000001 1111111111111101 1111111111111111 1111111111111111 1111111111111011 
1111111111111100 0000000000000110 0000000000000101 0000000000000001 1111111111111111 0000000000000010 1111111111111101 1111111111111010 
1111111111111011 0000000000001001 0000000000001010 1111111111111100 1111111111111110 0000000000000010 1111111111111100 1111111111110010 
1111111111111010 0000000000000111 0000000000001001 1111111111111110 1111111111111011 0000000000000010 1111111111111110 1111111111110101 
0000000000000000 0000000000000101 0000000000000111 1111111111111101 0000000000000010 0000000000000011 1111111111111101 1111111111111011 
1111111111111111 0000000000000010 0000000000000011 1111111111111101 0000000000000000 0000000000000000 1111111111111111 1111111111111100 
0000000000000001 0000000000000100 0000000000000011 1111111111111100 0000000000000000 0000000000000011 1111111111111111 1111111111111011 
0000000000000001 0000000000000100 0000000000000011 1111111111111100 0000000000000000 0000000000000011 1111111111111111 1111111111111011 
0000000000000010 0000000000000011 0000000000000011 0000000000000000 1111111111111111 0000000000000010 1111111111111101 1111111111111111 
0000000000000000 0000000000000000 0000000000000000 0000000000000000 0000000000000000 0000000000000000 0000000000000000 0000000000000000 
0000000000000000 0000000000000000 0000000000000000 0000000000000000 0000000000000000 0000000000000000 0000000000000000 0000000000000000 
0000000000000000 0000000000000000 0000000000000000 0000000000000000 0000000000000000 0000000000000000 0000000000000000 0000000000000000 
1111111111111111 0000000000000001 0000000000000000 1111111111111100 0000000000000001 0000000000000001 0000000000000010 1111111111111100 
1111111111111110 0000000000001100 0000000000000011 1111111111110110 0000000000000001 1111111111111111 1111111111111110 1111111111111010 
0000000000000001 0000000000001001 0000000000001001 1111111111111000 1111111111111110 0000000000000101 1111111111111001 1111111111111001 
0000000000000001 0000000000000100 0000000000000011 1111111111111100 0000000000000000 0000000000000011 1111111111111111 1111111111111011 
0000000000000000 0000000000000101 0000000000000000 0000000000000000 1111111111111111 0000000000000010 1111111111111101 1111111111111111 
0000000000000000 0000000000000101 0000000000000000 0000000000000000 1111111111111111 0000000000000010 1111111111111101 1111111111111111 
0000000000000000 0000000000000101 0000000000000000 0000000000000000 1111111111111111 0000000000000010 1111111111111101 1111111111111111 
0000000000000000 0000000000000101 0000000000000000 0000000000000000 1111111111111111 0000000000000010 1111111111111101 1111111111111111 
0000000000000000 0000000000000101 0000000000000000 0000000000000000 1111111111111111 0000000000000010 1111111111111101 1111111111111111 
0000000000000011 0000000000001010 0000000000000100 1111111111111110 1111111111111100 0000000000000100 1111111111110101 1111111111111111 
0000000000000011 0000000000001010 0000000000000100 1111111111111110 1111111111111100 0000000000000100 1111111111110101 1111111111111111 
0000000000000000 0000000000000101 0000000000000000 0000000000000000 1111111111111111 0000000000000010 1111111111111101 1111111111111111 
0000000000000000 0000000000000000 0000000000000000 0000000000000000 0000000000000000 0000000000000000 0000000000000000 0000000000000000 
1111111111111110 0000000000000111 1111111111111101 1111111111111010 0000000000000011 1111111111111101 0000000000000100 1111111111111100 
1111111111111110 0000000000001100 0000000000000011 1111111111110110 0000000000000001 1111111111111111 1111111111111110 1111111111111010 
1111111111111100 0000000000001011 0000000000000000 1111111111110111 0000000000000000 1111111111111111 1111111111111111 1111111111111101 
1111111111111100 0000000000001011 0000000000000000 1111111111110111 0000000000000000 1111111111111111 1111111111111111 1111111111111101 
1111111111111110 0000000000000111 0000000000000100 1111111111110111 1111111111111100 0000000000000011 1111111111111000 1111111111111110 
0000000000000001 0000000000000011 1111111111111110 1111111111111001 1111111111111010 0000000000000001 1111111111111101 0000000000000000 
0000000000000001 0000000000000111 1111111111111111 1111111111111101 1111111111111100 0000000000000101 0000000000000001 1111111111111100 
0000000000000000 0000000000000000 0000000000000000 0000000000000000 0000000000000000 0000000000000000 0000000000000000 0000000000000000 
0000000000000000 0000000000000000 0000000000000000 0000000000000000 0000000000000000 0000000000000000 0000000000000000 0000000000000000 
0000000000000001 0000000000000010 1111111111111111 1111111111111101 1111111111111101 0000000000000011 0000000000000100 1111111111111101 
0000000000000000 0000000000000101 1111111111111111 1111111111111010 1111111111111100 0000000000000110 0000000000000100 1111111111111011 
1111111111111110 0000000000001001 1111111111111101 1111111111111011 0000000000000001 1111111111111111 0000000000000010 1111111111111110 
1111111111111100 0000000000001011 0000000000000000 1111111111110111 0000000000000000 1111111111111111 1111111111111111 1111111111111101 
1111111111111111 0000000000010010 0000000000000110 1111111111110011 1111111111111111 0000000000000100 1111111111111011 1111111111110111 
1111111111111111 0000000000010000 0000000000000100 1111111111110101 1111111111111101 0000000000000001 1111111111110111 1111111111111101 
1111111111111111 0000000000000110 0000000000000110 1111111111111000 1111111111111111 0000000000000011 1111111111111100 1111111111111010 
0000000000000001 0000000000000100 0000000000000011 1111111111111100 0000000000000000 0000000000000011 1111111111111111 1111111111111011 
0000000000000011 0000000000000011 0000000000000100 1111111111111101 0000000000000011 0000000000000001 0000000000000000 0000000000000011 
0000000000000011 0000000000000011 0000000000000100 1111111111111101 0000000000000011 0000000000000001 0000000000000000 0000000000000011 
0000000000000010 0000000000000010 0000000000000011 1111111111111100 1111111111111111 0000000000000000 1111111111111101 0000000000000010 
0000000000000000 0000000000000000 0000000000000000 0000000000000000 0000000000000000 0000000000000000 0000000000000000 0000000000000000 
0000000000000000 0000000000000000 0000000000000000 0000000000000000 0000000000000000 0000000000000000 0000000000000000 0000000000000000 
0000000000000000 0000000000000000 0000000000000000 0000000000000000 0000000000000000 0000000000000000 0000000000000000 0000000000000000 
0000000000000001 0000000000000001 0000000000000001 0000000000000001 0000000000000100 0000000000000001 0000000000000011 0000000000000001 
0000000000000110 0000000000000101 0000000000001001 1111111111111011 0000000000000110 1111111111111110 0000000000000001 1111111111111111 
0000000000000111 0000000000000101 0000000000001011 1111111111110111 0000000000000011 0000000000000010 1111111111111101 0000000000000110 
0000000000000011 0000000000000011 0000000000000100 1111111111111101 0000000000000011 0000000000000001 0000000000000000 0000000000000011 
0000000000000011 0000000000000011 1111111111111110 0000000000000000 0000000000000001 1111111111111101 0000000000000001 1111111111111100 
0000000000000011 0000000000000011 1111111111111110 0000000000000000 0000000000000001 1111111111111101 0000000000000001 1111111111111100 
0000000000000011 0000000000000011 1111111111111110 0000000000000000 0000000000000001 1111111111111101 0000000000000001 1111111111111100 
0000000000000011 0000000000000011 1111111111111110 0000000000000000 0000000000000001 1111111111111101 0000000000000001 1111111111111100 
0000000000000011 0000000000000011 1111111111111110 0000000000000000 0000000000000001 1111111111111101 0000000000000001 1111111111111100 
0000000000000011 0000000000000100 0000000000000101 1111111111111001 1111111111111101 1111111111111100 1111111111110111 0000000000000010 
0000000000000011 0000000000000100 0000000000000101 1111111111111001 1111111111111101 1111111111111100 1111111111110111 0000000000000010 
0000000000000011 0000000000000011 1111111111111110 0000000000000000 0000000000000001 1111111111111101 0000000000000001 1111111111111100 
0000000000000000 0000000000000000 0000000000000000 0000000000000000 0000000000000000 0000000000000000 0000000000000000 0000000000000000 
0000000000000010 0000000000000011 0000000000000010 0000000000000001 0000000000000110 1111111111111101 0000000000000100 1111111111111100 
0000000000000110 0000000000000101 0000000000001001 1111111111111011 0000000000000110 1111111111111110 0000000000000001 1111111111111111 
0000000000000011 0000000000000100 0000000000000010 0000000000000001 0000000000000100 1111111111111111 0000000000000010 1111111111111011 
0000000000000011 0000000000000100 0000000000000010 0000000000000001 0000000000000100 1111111111111111 0000000000000010 1111111111111011 
0000000000000000 0000000000000001 0000000000000101 1111111111111110 1111111111111111 0000000000000010 1111111111111010 0000000000000100 
1111111111111001 1111111111111111 0000000000000110 1111111111111010 1111111111111000 1111111111111101 1111111111110111 0000000000000111 
0000000000000010 0000000000000110 1111111111111111 1111111111111100 1111111111111110 1111111111111100 0000000000000011 1111111111111101 
0000000000000000 0000000000000000 0000000000000000 0000000000000000 0000000000000000 0000000000000000 0000000000000000 0000000000000000 
0000000000000000 0000000000000000 0000000000000000 0000000000000000 0000000000000000 0000000000000000 0000000000000000 0000000000000000 
1111111111111111 0000000000000011 0000000000000001 1111111111111100 1111111111111101 1111111111111111 0000000000000010 0000000000000001 
1111111111111111 0000000000000101 1111111111111110 1111111111111111 1111111111111110 0000000000000001 0000000000000011 0000000000000000 
0000000000000001 0000000000000100 1111111111111110 0000000000000011 0000000000000011 1111111111111110 0000000000000010 1111111111111010 
0000000000000011 0000000000000100 0000000000000010 0000000000000001 0000000000000100 1111111111111111 0000000000000010 1111111111111011 
0000000000001000 0000000000001001 0000000000001001 1111111111111010 0000000000000110 0000000000000000 1111111111111111 0000000000000000 
0000000000000011 0000000000000101 0000000000001001 1111111111111010 0000000000000000 1111111111111110 1111111111111000 0000000000000001 
0000000000000101 0000000000000011 0000000000001000 1111111111111011 0000000000000100 0000000000000010 0000000000000000 0000000000000100 
0000000000000011 0000000000000011 0000000000000100 1111111111111101 0000000000000011 0000000000000001 0000000000000000 0000000000000011 
1111111111111010 0000000000000100 1111111111111110 0000000000000000 0000000000001001 0000000000000001 1111111111111111 0000000000000000 
1111111111111010 0000000000000100 1111111111111110 0000000000000000 0000000000001001 0000000000000001 1111111111111111 0000000000000000 
1111111111111110 0000000000000001 1111111111111111 1111111111111111 0000000000000101 0000000000000010 0000000000000000 0000000000000000 
0000000000000000 0000000000000000 0000000000000000 0000000000000000 0000000000000000 0000000000000000 0000000000000000 0000000000000000 
0000000000000000 0000000000000000 0000000000000000 0000000000000000 0000000000000000 0000000000000000 0000000000000000 0000000000000000 
0000000000000000 0000000000000000 0000000000000000 0000000000000000 0000000000000000 0000000000000000 0000000000000000 0000000000000000 
1111111111111100 0000000000000011 1111111111111111 0000000000000001 0000000000000100 1111111111111111 1111111111111111 0000000000000000 
1111111111111000 0000000000001010 1111111111111111 1111111111111111 0000000000001111 0000000000000001 1111111111111101 1111111111111100 
1111111111110111 0000000000001000 1111111111111111 1111111111111100 0000000000010010 0000000000000011 1111111111111111 0000000000000000 
1111111111111010 0000000000000100 1111111111111110 0000000000000000 0000000000001001 0000000000000001 1111111111111111 0000000000000000 
1111111111111111 0000000000000000 0000000000000001 1111111111111110 1111111111111110 0000000000000011 0000000000000000 1111111111111101 
1111111111111111 0000000000000000 0000000000000001 1111111111111110 1111111111111110 0000000000000011 0000000000000000 1111111111111101 
1111111111111111 0000000000000000 0000000000000001 1111111111111110 1111111111111110 0000000000000011 0000000000000000 1111111111111101 
1111111111111111 0000000000000000 0000000000000001 1111111111111110 1111111111111110 0000000000000011 0000000000000000 1111111111111101 
1111111111111111 0000000000000000 0000000000000001 1111111111111110 1111111111111110 0000000000000011 0000000000000000 1111111111111101 
1111111111111011 0000000000000100 1111111111111111 1111111111111011 0000000000000100 0000000000001000 0000000000000000 1111111111111011 
1111111111111011 0000000000000100 1111111111111111 1111111111111011 0000000000000100 0000000000001000 0000000000000000 1111111111111011 
1111111111111111 0000000000000000 0000000000000001 1111111111111110 1111111111111110 0000000000000011 0000000000000000 1111111111111101 
0000000000000000 0000000000000000 0000000000000000 0000000000000000 0000000000000000 0000000000000000 0000000000000000 0000000000000000 
1111111111111011 0000000000000110 1111111111111110 0000000000000011 0000000000000110 1111111111111111 1111111111111101 1111111111111100 
1111111111111000 0000000000001010 1111111111111111 1111111111111111 0000000000001111 0000000000000001 1111111111111101 1111111111111100 
1111111111111011 0000000000001010 0000000000000000 0000000000000001 0000000000000111 1111111111111101 1111111111111011 1111111111111110 
1111111111111011 0000000000001010 0000000000000000 0000000000000001 0000000000000111 1111111111111101 1111111111111011 1111111111111110 
1111111111111010 0000000000001010 0000000000000000 1111111111111101 0000000000000110 0000000000000000 1111111111111101 0000000000000000 
1111111111111101 0000000000001000 0000000000000011 1111111111111010 1111111111111110 0000000000000101 0000000000000001 1111111111111110 
1111111111111110 0000000000000011 0000000000000101 1111111111111011 1111111111111111 0000000000000100 0000000000000001 1111111111111111 
0000000000000000 0000000000000000 0000000000000000 0000000000000000 0000000000000000 0000000000000000 0000000000000000 0000000000000000 
0000000000000000 0000000000000000 0000000000000000 0000000000000000 0000000000000000 0000000000000000 0000000000000000 0000000000000000 
1111111111111111 0000000000000011 0000000000000100 1111111111111101 0000000000000001 0000000000000001 0000000000000001 0000000000000010 
1111111111111100 0000000000000111 0000000000000011 1111111111111111 0000000000000010 1111111111111110 1111111111111110 0000000000000100 
1111111111111100 0000000000000111 1111111111111110 0000000000000100 0000000000000011 1111111111111101 1111111111111011 1111111111111110 
1111111111111011 0000000000001010 0000000000000000 0000000000000001 0000000000000111 1111111111111101 1111111111111011 1111111111111110 
1111111111110011 0000000000001111 1111111111111101 0000000000000000 0000000000010101 0000000000000000 1111111111111010 1111111111111110 
1111111111110111 0000000000001110 1111111111111110 1111111111111110 0000000000001101 0000000000000010 1111111111111011 1111111111111100 
1111111111111001 0000000000000111 0000000000000000 1111111111111101 0000000000001101 0000000000000001 1111111111111111 0000000000000000 
1111111111111010 0000000000000100 1111111111111110 0000000000000000 0000000000001001 0000000000000001 1111111111111111 0000000000000000 
1111111111111110 0000000000001000 1111111111111111 1111111111111111 0000000000000010 0000000000000110 1111111111111101 0000000000000000 
1111111111111110 0000000000001000 1111111111111111 1111111111111111 0000000000000010 0000000000000110 1111111111111101 0000000000000000 
0000000000000001 0000000000000011 0000000000000000 1111111111111101 0000000000000011 0000000000000101 1111111111111101 0000000000000010 
0000000000000000 0000000000000000 0000000000000000 0000000000000000 0000000000000000 0000000000000000 0000000000000000 0000000000000000 
0000000000000000 0000000000000000 0000000000000000 0000000000000000 0000000000000000 0000000000000000 0000000000000000 0000000000000000 
0000000000000000 0000000000000000 0000000000000000 0000000000000000 0000000000000000 0000000000000000 0000000000000000 0000000000000000 
1111111111111101 0000000000000101 1111111111111111 0000000000000010 1111111111111111 0000000000000001 0000000000000000 1111111111111110 
1111111111111110 0000000000001110 0000000000000010 0000000000000010 1111111111111111 0000000000000110 1111111111110111 1111111111111110 
1111111111111110 0000000000001110 0000000000000001 1111111111111100 0000000000000100 0000000000001111 1111111111110111 0000000000000100 
1111111111111110 0000000000001000 1111111111111111 1111111111111111 0000000000000010 0000000000000110 1111111111111101 0000000000000000 
0000000000000010 0000000000000101 0000000000000011 1111111111111101 0000000000000011 0000000000000000 0000000000000000 1111111111111110 
0000000000000010 0000000000000101 0000000000000011 1111111111111101 0000000000000011 0000000000000000 0000000000000000 1111111111111110 
0000000000000010 0000000000000101 0000000000000011 1111111111111101 0000000000000011 0000000000000000 0000000000000000 1111111111111110 
0000000000000010 0000000000000101 0000000000000011 1111111111111101 0000000000000011 0000000000000000 0000000000000000 1111111111111110 
0000000000000010 0000000000000101 0000000000000011 1111111111111101 0000000000000011 0000000000000000 0000000000000000 1111111111111110 
0000000000000011 0000000000001101 0000000000000010 1111111111110100 0000000000000111 0000000000001000 1111111111111001 0000000000000000 
0000000000000011 0000000000001101 0000000000000010 1111111111110100 0000000000000111 0000000000001000 1111111111111001 0000000000000000 
0000000000000010 0000000000000101 0000000000000011 1111111111111101 0000000000000011 0000000000000000 0000000000000000 1111111111111110 
0000000000000000 0000000000000000 0000000000000000 0000000000000000 0000000000000000 0000000000000000 0000000000000000 0000000000000000 
1111111111111110 0000000000001000 0000000000000000 0000000000000101 1111111111111101 1111111111111101 1111111111111101 1111111111111010 
1111111111111110 0000000000001110 0000000000000010 0000000000000010 1111111111111111 0000000000000110 1111111111110111 1111111111111110 
1111111111111100 0000000000001001 0000000000000011 0000000000000101 1111111111111100 0000000000000010 1111111111110111 1111111111111011 
1111111111111100 0000000000001001 0000000000000011 0000000000000101 1111111111111100 0000000000000010 1111111111110111 1111111111111011 
1111111111111011 0000000000001011 0000000000000001 1111111111111100 1111111111111111 0000000000001001 1111111111110110 1111111111111111 
1111111111111111 0000000000000111 1111111111111101 1111111111110101 1111111111111101 0000000000000000 1111111111111011 1111111111111111 
0000000000000010 0000000000000101 0000000000000010 1111111111111011 0000000000000001 1111111111111111 0000000000000000 1111111111111111 
0000000000000000 0000000000000000 0000000000000000 0000000000000000 0000000000000000 0000000000000000 0000000000000000 0000000000000000 
0000000000000000 0000000000000000 0000000000000000 0000000000000000 0000000000000000 0000000000000000 0000000000000000 0000000000000000 
0000000000000000 0000000000000000 1111111111111111 1111111111111110 1111111111111110 1111111111111111 0000000000000000 0000000000000001 
1111111111111100 0000000000000011 1111111111111111 0000000000000000 1111111111111101 0000000000000001 1111111111111101 1111111111111110 
1111111111111101 0000000000000110 0000000000000001 0000000000000101 1111111111111101 1111111111111110 1111111111111010 1111111111111001 
1111111111111100 0000000000001001 0000000000000011 0000000000000101 1111111111111100 0000000000000010 1111111111110111 1111111111111011 
1111111111111011 0000000000010100 0000000000000010 0000000000000001 0000000000000001 0000000000001101 1111111111110001 1111111111111101 
1111111111111101 0000000000010001 0000000000000010 1111111111111100 0000000000000000 0000000000001010 1111111111110000 1111111111111101 
1111111111111101 0000000000001011 0000000000000001 1111111111111111 0000000000000001 0000000000001010 1111111111111010 0000000000000010 
1111111111111110 0000000000001000 1111111111111111 1111111111111111 0000000000000010 0000000000000110 1111111111111101 0000000000000000 
1111111111111101 0000000000001010 0000000000000011 1111111111111100 0000000000000011 0000000000000010 1111111111111111 1111111111111110 
1111111111111101 0000000000001010 0000000000000011 1111111111111100 0000000000000011 0000000000000010 1111111111111111 1111111111111110 
1111111111111101 0000000000000101 0000000000000011 1111111111111100 0000000000000000 0000000000000001 1111111111111111 1111111111111110 
0000000000000000 0000000000000000 0000000000000000 0000000000000000 0000000000000000 0000000000000000 0000000000000000 0000000000000000 
0000000000000000 0000000000000000 0000000000000000 0000000000000000 0000000000000000 0000000000000000 0000000000000000 0000000000000000 
0000000000000000 0000000000000000 0000000000000000 0000000000000000 0000000000000000 0000000000000000 0000000000000000 0000000000000000 
0000000000000000 0000000000000101 0000000000000000 0000000000000000 0000000000000011 0000000000000001 0000000000000000 0000000000000000 
1111111111111110 0000000000001011 0000000000000100 1111111111111101 0000000000000101 0000000000000011 1111111111111100 1111111111110111 
1111111111111010 0000000000010000 0000000000001001 1111111111110110 0000000000000011 0000000000000101 1111111111111101 1111111111111001 
1111111111111101 0000000000001010 0000000000000011 1111111111111100 0000000000000011 0000000000000010 1111111111111111 1111111111111110 
1111111111111111 0000000000000010 0000000000000001 0000000000000001 0000000000000001 1111111111111111 0000000000000000 1111111111111100 
1111111111111111 0000000000000010 0000000000000001 0000000000000001 0000000000000001 1111111111111111 0000000000000000 1111111111111100 
1111111111111111 0000000000000010 0000000000000001 0000000000000001 0000000000000001 1111111111111111 0000000000000000 1111111111111100 
1111111111111111 0000000000000010 0000000000000001 0000000000000001 0000000000000001 1111111111111111 0000000000000000 1111111111111100 
1111111111111111 0000000000000010 0000000000000001 0000000000000001 0000000000000001 1111111111111111 0000000000000000 1111111111111100 
1111111111111000 0000000000001001 0000000000000101 1111111111111011 1111111111111110 0000000000000011 1111111111111101 1111111111111000 
1111111111111000 0000000000001001 0000000000000101 1111111111111011 1111111111111110 0000000000000011 1111111111111101 1111111111111000 
1111111111111111 0000000000000010 0000000000000001 0000000000000001 0000000000000001 1111111111111111 0000000000000000 1111111111111100 
0000000000000000 0000000000000000 0000000000000000 0000000000000000 0000000000000000 0000000000000000 0000000000000000 0000000000000000 
0000000000000001 0000000000000101 1111111111111110 0000000000000011 0000000000000101 0000000000000000 1111111111111110 1111111111111100 
1111111111111110 0000000000001011 0000000000000100 1111111111111101 0000000000000101 0000000000000011 1111111111111100 1111111111110111 
1111111111111111 0000000000001000 0000000000000001 0000000000000000 0000000000000001 0000000000000011 1111111111111101 1111111111111011 
1111111111111111 0000000000001000 0000000000000001 0000000000000000 0000000000000001 0000000000000011 1111111111111101 1111111111111011 
1111111111111010 0000000000001010 0000000000000100 1111111111111011 1111111111111100 0000000000000111 1111111111111101 1111111111111101 
1111111111111100 0000000000000011 1111111111111111 1111111111111101 1111111111110111 0000000000001000 1111111111111100 0000000000000000 
0000000000000000 0000000000000110 0000000000000001 1111111111111110 1111111111111110 0000000000000010 1111111111111111 1111111111111110 
0000000000000000 0000000000000000 0000000000000000 0000000000000000 0000000000000000 0000000000000000 0000000000000000 0000000000000000 
0000000000000000 0000000000000000 0000000000000000 0000000000000000 0000000000000000 0000000000000000 0000000000000000 0000000000000000 
0000000000000001 0000000000000100 0000000000000000 1111111111111101 1111111111111101 0000000000000011 1111111111111111 0000000000000010 
1111111111111111 0000000000001011 0000000000000000 1111111111111100 1111111111111100 0000000000000101 1111111111111111 0000000000000100 
1111111111111111 0000000000000111 1111111111111110 0000000000000010 0000000000000001 0000000000000001 1111111111111110 1111111111111110 
1111111111111111 0000000000001000 0000000000000001 0000000000000000 0000000000000001 0000000000000011 1111111111111101 1111111111111011 
1111111111111001 0000000000010111 0000000000000111 1111111111111000 0000000000000100 0000000000000110 1111111111111011 1111111111110111 
1111111111111000 0000000000001111 0000000000000101 1111111111111010 1111111111111110 0000000000000111 1111111111111010 1111111111110111 
1111111111111101 0000000000001011 0000000000000110 1111111111111010 0000000000000011 0000000000000100 1111111111111110 1111111111111011 
1111111111111101 0000000000001010 0000000000000011 1111111111111100 0000000000000011 0000000000000010 1111111111111111 1111111111111110 
1111111111111101 0000000000000011 0000000000000011 1111111111111101 0000000000001000 0000000000000010 1111111111111111 0000000000000001 
1111111111111101 0000000000000011 0000000000000011 1111111111111101 0000000000001000 0000000000000010 1111111111111111 0000000000000001 
1111111111111110 0000000000000010 0000000000000100 1111111111111111 0000000000000101 0000000000000001 1111111111111111 1111111111111111 
0000000000000000 0000000000000000 0000000000000000 0000000000000000 0000000000000000 0000000000000000 0000000000000000 0000000000000000 
0000000000000000 0000000000000000 0000000000000000 0000000000000000 0000000000000000 0000000000000000 0000000000000000 0000000000000000 
0000000000000000 0000000000000000 0000000000000000 0000000000000000 0000000000000000 0000000000000000 0000000000000000 0000000000000000 
1111111111111111 0000000000000001 1111111111111111 1111111111111110 0000000000000011 0000000000000001 0000000000000000 0000000000000010 
1111111111111001 0000000000000111 0000000000000101 1111111111111010 0000000000001001 0000000000000100 1111111111111101 0000000000000010 
1111111111111000 0000000000000111 0000000000001000 1111111111111011 0000000000001110 0000000000000101 1111111111111101 0000000000000010 
1111111111111101 0000000000000011 0000000000000011 1111111111111101 0000000000001000 0000000000000010 1111111111111111 0000000000000001 
0000000000000000 0000000000000100 1111111111111110 1111111111111101 0000000000000011 0000000000000011 1111111111111110 1111111111111111 
0000000000000000 0000000000000100 1111111111111110 1111111111111101 0000000000000011 0000000000000011 1111111111111110 1111111111111111 
0000000000000000 0000000000000100 1111111111111110 1111111111111101 0000000000000011 0000000000000011 1111111111111110 1111111111111111 
0000000000000000 0000000000000100 1111111111111110 1111111111111101 0000000000000011 0000000000000011 1111111111111110 1111111111111111 
0000000000000000 0000000000000100 1111111111111110 1111111111111101 0000000000000011 0000000000000011 1111111111111110 1111111111111111 
1111111111111100 0000000000001001 0000000000000110 1111111111111010 0000000000001110 0000000000000011 1111111111111011 1111111111111100 
1111111111111100 0000000000001001 0000000000000110 1111111111111010 0000000000001110 0000000000000011 1111111111111011 1111111111111100 
0000000000000000 0000000000000100 1111111111111110 1111111111111101 0000000000000011 0000000000000011 1111111111111110 1111111111111111 
0000000000000000 0000000000000000 0000000000000000 0000000000000000 0000000000000000 0000000000000000 0000000000000000 0000000000000000 
1111111111111110 0000000000000011 0000000000000000 1111111111111100 0000000000000011 0000000000000001 1111111111111111 0000000000000001 
1111111111111001 0000000000000111 0000000000000101 1111111111111010 0000000000001001 0000000000000100 1111111111111101 0000000000000010 
1111111111111101 0000000000001001 0000000000000000 1111111111111000 0000000000000000 0000000000000011 1111111111111111 0000000000000001 
1111111111111101 0000000000001001 0000000000000000 1111111111111000 0000000000000000 0000000000000011 1111111111111111 0000000000000001 
1111111111111100 0000000000001010 0000000000000011 1111111111111000 0000000000000110 0000000000000010 1111111111111110 0000000000000000 
1111111111111101 0000000000000100 0000000000000111 1111111111111010 0000000000000110 1111111111111011 1111111111111111 1111111111111100 
1111111111111111 0000000000000100 0000000000000001 1111111111111010 0000000000000010 0000000000000001 0000000000000000 1111111111111110 
0000000000000000 0000000000000000 0000000000000000 0000000000000000 0000000000000000 0000000000000000 0000000000000000 0000000000000000 
0000000000000000 0000000000000000 0000000000000000 0000000000000000 0000000000000000 0000000000000000 0000000000000000 0000000000000000 
1111111111111111 0000000000000000 0000000000000011 1111111111111101 1111111111111111 1111111111111110 0000000000000010 1111111111111111 
0000000000000000 0000000000000101 0000000000000001 1111111111111000 1111111111111110 1111111111111111 0000000000000011 1111111111111111 
0000000000000000 0000000000000111 1111111111111111 1111111111111001 1111111111111111 0000000000000001 0000000000000000 1111111111111111 
1111111111111101 0000000000001001 0000000000000000 1111111111111000 0000000000000000 0000000000000011 1111111111111111 0000000000000001 
1111111111111000 0000000000001110 0000000000000111 1111111111110100 0000000000001101 0000000000000110 1111111111111101 0000000000000001 
1111111111111001 0000000000001110 0000000000001000 1111111111110101 0000000000001011 0000000000000011 1111111111111100 1111111111111110 
1111111111111010 0000000000000101 0000000000000100 1111111111111100 0000000000001001 0000000000000100 1111111111111110 0000000000000011 
1111111111111101 0000000000000011 0000000000000011 1111111111111101 0000000000001000 0000000000000010 1111111111111111 0000000000000001 
1111111111111011 0000000000000001 0000000000000011 0000000000000011 0000000000000010 0000000000000010 1111111111111110 1111111111111111 
1111111111111011 0000000000000001 0000000000000011 0000000000000011 0000000000000010 0000000000000010 1111111111111110 1111111111111111 
1111111111111110 0000000000000000 0000000000000000 0000000000000000 0000000000000000 0000000000000011 1111111111111111 0000000000000001 
0000000000000000 0000000000000000 0000000000000000 0000000000000000 0000000000000000 0000000000000000 0000000000000000 0000000000000000 
0000000000000000 0000000000000000 0000000000000000 0000000000000000 0000000000000000 0000000000000000 0000000000000000 0000000000000000 
0000000000000000 0000000000000000 0000000000000000 0000000000000000 0000000000000000 0000000000000000 0000000000000000 0000000000000000 
1111111111111101 0000000000000001 0000000000000011 0000000000000011 0000000000000010 1111111111111111 1111111111111111 1111111111111110 
1111111111110110 0000000000000110 0000000000000100 0000000000000001 0000000000000110 0000000000000001 1111111111111100 0000000000000000 
1111111111110111 0000000000000010 0000000000000100 0000000000000000 0000000000000101 0000000000001000 1111111111111101 0000000000000011 
1111111111111011 0000000000000001 0000000000000011 0000000000000011 0000000000000010 0000000000000010 1111111111111110 1111111111111111 
0000000000000001 0000000000000010 1111111111111111 1111111111111101 0000000000000000 0000000000000000 0000000000000000 0000000000000000 
0000000000000001 0000000000000010 1111111111111111 1111111111111101 0000000000000000 0000000000000000 0000000000000000 0000000000000000 
0000000000000001 0000000000000010 1111111111111111 1111111111111101 0000000000000000 0000000000000000 0000000000000000 0000000000000000 
0000000000000001 0000000000000010 1111111111111111 1111111111111101 0000000000000000 0000000000000000 0000000000000000 0000000000000000 
0000000000000001 0000000000000010 1111111111111111 1111111111111101 0000000000000000 0000000000000000 0000000000000000 0000000000000000 
1111111111111101 0000000000000001 1111111111111101 1111111111111100 0000000000000001 0000000000000101 1111111111111101 0000000000000100 
1111111111111101 0000000000000001 1111111111111101 1111111111111100 0000000000000001 0000000000000101 1111111111111101 0000000000000100 
0000000000000001 0000000000000010 1111111111111111 1111111111111101 0000000000000000 0000000000000000 0000000000000000 0000000000000000 
0000000000000000 0000000000000000 0000000000000000 0000000000000000 0000000000000000 0000000000000000 0000000000000000 0000000000000000 
1111111111111010 0000000000000101 0000000000000011 0000000000000100 0000000000000011 1111111111111011 1111111111111101 1111111111111100 
1111111111110110 0000000000000110 0000000000000100 0000000000000001 0000000000000110 0000000000000001 1111111111111100 0000000000000000 
1111111111111010 0000000000001000 0000000000000001 1111111111111110 0000000000000100 1111111111111111 1111111111111110 1111111111111101 
1111111111111010 0000000000001000 0000000000000001 1111111111111110 0000000000000100 1111111111111111 1111111111111110 1111111111111101 
1111111111111011 0000000000000011 1111111111111111 1111111111111100 0000000000000100 0000000000000101 1111111111111110 0000000000000010 
1111111111111110 1111111111111111 0000000000000000 1111111111111100 0000000000000001 0000000000000011 1111111111111011 0000000000000100 
0000000000000001 0000000000000011 0000000000000011 1111111111111011 1111111111111111 0000000000000010 1111111111111110 1111111111111111 
0000000000000000 0000000000000000 0000000000000000 0000000000000000 0000000000000000 0000000000000000 0000000000000000 0000000000000000 
0000000000000000 0000000000000000 0000000000000000 0000000000000000 0000000000000000 0000000000000000 0000000000000000 0000000000000000 
0000000000000000 0000000000000001 0000000000000100 1111111111111110 1111111111111111 0000000000000010 1111111111111110 1111111111111111 
1111111111111111 0000000000000100 0000000000000100 1111111111111110 1111111111111111 0000000000000010 1111111111111110 1111111111111011 
1111111111111100 0000000000000111 0000000000000000 0000000000000001 0000000000000001 1111111111111100 1111111111111110 1111111111111010 
1111111111111010 0000000000001000 0000000000000001 1111111111111110 0000000000000100 1111111111111111 1111111111111110 1111111111111101 
1111111111110011 0000000000001001 0000000000000100 0000000000000001 0000000000000110 0000000000000100 1111111111111011 1111111111111101 
1111111111110110 0000000000000111 1111111111111111 1111111111111101 0000000000000101 0000000000000100 1111111111111011 0000000000000001 
1111111111111001 0000000000000010 0000000000000100 0000000000000000 0000000000000101 0000000000000101 1111111111111110 0000000000000010 
1111111111111011 0000000000000001 0000000000000011 0000000000000011 0000000000000010 0000000000000010 1111111111111110 1111111111111111 
0000000000000000 0000000000000011 0000000000000001 1111111111111100 0000000000000000 0000000000000001 0000000000000000 1111111111111110 
0000000000000000 0000000000000011 0000000000000001 1111111111111100 0000000000000000 0000000000000001 0000000000000000 1111111111111110 
1111111111111111 0000000000000010 0000000000000011 0000000000000000 0000000000000000 0000000000000001 1111111111111111 0000000000000000 
0000000000000000 0000000000000000 0000000000000000 0000000000000000 0000000000000000 0000000000000000 0000000000000000 0000000000000000 
0000000000000000 0000000000000000 0000000000000000 0000000000000000 0000000000000000 0000000000000000 0000000000000000 0000000000000000 
0000000000000000 0000000000000000 0000000000000000 0000000000000000 0000000000000000 0000000000000000 0000000000000000 0000000000000000 
0000000000000001 0000000000000001 1111111111111110 1111111111111100 0000000000000000 0000000000000000 0000000000000001 1111111111111110 
0000000000000001 0000000000000111 1111111111111110 1111111111111100 1111111111111111 1111111111111110 1111111111111101 1111111111111101 
0000000000000000 0000000000000110 0000000000000100 1111111111111011 0000000000000000 0000000000000001 1111111111111101 1111111111111101 
0000000000000000 0000000000000011 0000000000000001 1111111111111100 0000000000000000 0000000000000001 0000000000000000 1111111111111110 
1111111111111111 0000000000000001 0000000000000010 0000000000000010 0000000000000000 0000000000000000 1111111111111100 1111111111111110 
1111111111111111 0000000000000001 0000000000000010 0000000000000010 0000000000000000 0000000000000000 1111111111111100 1111111111111110 
1111111111111111 0000000000000001 0000000000000010 0000000000000010 0000000000000000 0000000000000000 1111111111111100 1111111111111110 
1111111111111111 0000000000000001 0000000000000010 0000000000000010 0000000000000000 0000000000000000 1111111111111100 1111111111111110 
1111111111111111 0000000000000001 0000000000000010 0000000000000010 0000000000000000 0000000000000000 1111111111111100 1111111111111110 
1111111111111011 0000000000000110 0000000000000110 0000000000000010 1111111111111111 0000000000000011 1111111111111001 1111111111111110 
1111111111111011 0000000000000110 0000000000000110 0000000000000010 1111111111111111 0000000000000011 1111111111111001 1111111111111110 
1111111111111111 0000000000000001 0000000000000010 0000000000000010 0000000000000000 0000000000000000 1111111111111100 1111111111111110 
0000000000000000 0000000000000000 0000000000000000 0000000000000000 0000000000000000 0000000000000000 0000000000000000 0000000000000000 
0000000000000001 0000000000000100 1111111111111011 1111111111111101 1111111111111111 1111111111111110 0000000000000000 1111111111111110 
0000000000000001 0000000000000111 1111111111111110 1111111111111100 1111111111111111 1111111111111110 1111111111111101 1111111111111101 
0000000000000010 0000000000000100 1111111111110110 1111111111111001 1111111111111010 1111111111111010 1111111111111110 1111111111111100 
0000000000000010 0000000000000100 1111111111110110 1111111111111001 1111111111111010 1111111111111010 1111111111111110 1111111111111100 
1111111111111111 0000000000000100 1111111111111010 1111111111111000 1111111111111010 1111111111111110 1111111111111101 1111111111111100 
1111111111111011 0000000000000100 0000000000000010 1111111111111011 1111111111111111 0000000000000101 1111111111111101 1111111111111111 
1111111111111111 0000000000000001 0000000000000101 1111111111111101 0000000000000001 0000000000000010 1111111111111100 1111111111111101 
0000000000000000 0000000000000000 0000000000000000 0000000000000000 0000000000000000 0000000000000000 0000000000000000 0000000000000000 
0000000000000000 0000000000000000 0000000000000000 0000000000000000 0000000000000000 0000000000000000 0000000000000000 0000000000000000 
0000000000000000 0000000000000000 0000000000000011 1111111111111011 0000000000000001 0000000000000010 0000000000000000 1111111111111111 
0000000000000001 0000000000000000 1111111111111100 1111111111110100 1111111111111100 1111111111111111 0000000000000001 1111111111111100 
0000000000000001 0000000000000011 1111111111110110 1111111111111010 1111111111111010 1111111111111011 0000000000000000 1111111111111101 
0000000000000010 0000000000000100 1111111111110110 1111111111111001 1111111111111010 1111111111111010 1111111111111110 1111111111111100 
0000000000000001 0000000000001001 1111111111111010 1111111111110101 1111111111111010 1111111111111100 1111111111111101 1111111111111010 
1111111111111110 0000000000001001 1111111111111010 1111111111111001 1111111111111001 1111111111111101 1111111111111011 1111111111111100 
0000000000000001 0000000000000100 0000000000000001 1111111111111011 0000000000000000 0000000000000000 1111111111111110 1111111111111101 
0000000000000000 0000000000000011 0000000000000001 1111111111111100 0000000000000000 0000000000000001 0000000000000000 1111111111111110 
